5000
5001
5002
5003
5078
5079
5080
5142
5143
5402
5403
5527
5529
5539
5540
5541
5542
5544
5545
5546
5549
5550
5553
5554
5555
5556
5560
5617
5621
5622
5721
5722
5732
5733
5734
5735
5736
5743
5744
5851
5889
5890
5892
5893
5894
5895
5896
5921
5922
6011
6012
6013
6014
6015
6016
6017
6018
6025
6026
6033
6034
6036
6150
6220
6221
6227
6228
6231
6232
6402
6475
6476
6541
6542
6552
6664
6677
6678
6699
6777
6778
6843
6844
6847
6848
6851
6852
6929
6963
6964
6965
6966
6967
6968
6969
6971
6972
6983
6984
6995
6996
6997
6998
6999
7000
7001
7027
7029
7030
7071
7072
7073
7074
7075
7076
7077
7078
7079
7080
7249
7250
7251
7252
7253
7254
7255
7256
7423
7424
7425
7426
7491
7492
7576
7729
7731
7732
7743
7744
7787
7788
7877
7878
8385
8386
8419
8420
8422
8449
8450
8535
8536
8537
8538
8565
8566
8612
8613
8643
8644
8712
8713
8714
8715
8776
8777
8822
8823
8992
8994
8995
9120
9121
9166
9167
9168
9169
9170
9171
9338
9339
9340
9341
9455
9456
9457
9458
9459
9460
9753
9754
9775
9776
9811
9812
9813
9814
9821
9822
