54
55
78
79
96
170
171
349
350
351
352
354
476
955
1015
1016
1021
1199
1200
1201
1202
1203
1204
1205
1206
1207
1208
1209
1210
1375
1376
1425
1426
1456
1457
1458
1461
1462
1463
1464
1465
1466
1467
1468
1469
1471
1472
1473
1474
1655
1656
1846
1847
1851
2055
2218
2219
2385
2630
2631
2632
2633
2786
2787
2788
2789
2790
2791
2792
2793
2794
2795
2796
2797
3137
3156
3157
3248
3418
3419
3675
3894
3895
3903
3942
3943
3990
3991
3992
3993
4050
4051
4052
4053
4054
4055
4056
4057
4090
4091
4243
4244
4245
4246
4422
4481
4502
4503
4702
4703
4704
4705
4806
4807
4808
4809
4810
4811
4812
4813
4814
4815
4817
4820
4821
4822
4823
4824
4838
4839
4920
4921
