7587
202
203
268
289
290
291
292
293
294
295
296
297
298
299
300
369
370
371
372
373
374
375
376
379
380
501
502
503
504
575
576
707
708
749
750
751
752
753
754
757
758
763
783
784
845
846
971
972
1166
1167
1168
1313
1314
1417
1418
1419
1420
1421
1422
1423
1424
1477
1478
1517
1518
1525
1526
1527
1528
1535
1536
1537
1538
1539
1540
1541
1542
1543
1544
1545
1546
1852
1853
1854
1855
1858
1859
1942
1943
2068
2069
2076
2077
2078
2079
2154
2155
2156
2157
2158
2159
2160
2161
2163
2164
2165
2598
2599
2600
2601
2602
2603
2604
2605
2612
2613
2616
2617
2618
2619
2692
2693
2814
2815
2838
2839
2864
2865
2914
2915
2916
2917
3082
3083
3086
3087
3107
3108
3109
3246
3247
3258
3259
3274
3275
3536
3537
3674
3772
3773
3774
3775
3778
3779
3780
3781
3782
3783
3784
3786
3787
3788
3789
3806
3807
3808
3809
3836
3837
3838
3839
3840
3841
3931
4042
4043
4045
4060
4061
4069
4070
4071
4072
4082
4083
4084
4085
4376
4377
4416
4417
4418
4419
4420
4421
4423
4446
4544
4545
4584
4585
4674
4675
4676
4677
4678
4679
4680
4681
4682
4683
4684
4685
4692
4694
4695
4696
4697
4766
4767
4768
4769
4786
4792
4793
4798
4799
4800
4801
4802
4803
4804
4805
4816
4818
4819
4922
4923
4924
4925
4934
4935
5082
5083
5084
5085
5086
5087
5088
5089
5090
5091
5092
5093
5094
5095
5096
5097
5148
5149
5150
5151
5160
5161
5162
5163
5182
5183
5192
5193
5196
5197
5224
5225
5256
5257
5306
5307
5449
5492
5493
5494
5495
5503
5635
5636
5637
5639
5640
5643
5644
5667
5668
5669
5670
5755
5756
5781
5782
5783
5784
5785
5786
5923
5924
5943
5944
5947
5948
5957
5958
5999
6000
6001
6086
6109
6110
6407
6408
6485
6486
6531
6532
6533
6534
6597
6598
6839
6840
6841
6842
6857
6858
6867
6868
6869
6870
7138
7235
7305
7306
7322
7323
7324
7325
7326
7534
7577
7588
7589
7590
7631
7632
7895
7896
7897
7898
7939
7940
7947
7948
7949
7957
7958
7959
7960
8083
8084
8123
8124
8125
8126
8151
8152
8211
8212
8213
8214
8215
8216
8217
8218
8219
8220
8283
8284
8285
8286
8287
8288
8409
8410
8439
8501
8502
8684
8685
8722
8723
8724
8725
8727
8728
8729
8730
8731
8736
8737
8738
8739
8740
8743
8774
8775
8808
8809
8858
8930
8931
8932
8933
8956
8957
8982
8983
8990
8991
9026
9027
9032
9068
9069
9145
9146
9147
9162
9163
9164
9165
9230
9231
9232
9233
9342
9343
9357
9404
9405
9406
9407
9478
9479
9518
9519
9534
9535
9562
9563
9570
9571
9600
9601
9602
9603
9622
9623
9630
9631
9755
9756
9757
9758
9759
9760
9761
9762
9763
9764
