5123
186
214
215
317
318
319
320
321
445
446
475
727
728
1003
1004
1294
1581
1582
1586
1588
1659
1660
2110
2384
2398
2399
2690
2691
2752
2753
2754
2755
2756
2757
2758
2759
2808
2809
2834
2835
2836
2837
2840
2841
3748
3749
4062
4064
4065
4073
4512
4513
5122
5448
5601
5602
5604
5605
5606
5607
5608
5609
5610
5611
5612
5899
5900
5901
5902
5959
5960
6007
6008
6020
6022
6035
6037
6038
6372
6471
6472
6673
6674
6755
6756
6757
6899
6900
6901
6902
6905
6941
6942
6985
6986
7033
7034
7037
7038
7227
8547
8548
8611
8781
8793
8984
8985
8986
8987
9725
9726
9727
9728
9731
