7680
5106
5107
5108
5109
5124
5125
5144
5145
5292
5293
5294
5295
5308
5352
5380
5381
5450
5451
5452
5453
5454
5455
5767
5768
5813
5814
5815
5816
5817
5818
5823
5824
6513
6514
6557
6558
6595
6596
6715
6716
6806
6865
6866
7039
7040
7041
7042
7096
7097
7098
7161
7162
7357
7358
7633
7634
7635
7636
7637
7638
7639
7640
7679
7681
7682
7683
7684
7701
7702
7713
7714
7715
7727
7728
7817
7818
7819
7820
7821
7822
8009
8010
8057
8058
8097
8098
8099
8100
8127
8128
8129
8130
8169
8170
8299
8300
8311
8312
8780
8974
8975
8976
8977
9076
9077
9144
9244
9248
9249
9296
9297
9298
9299
9300
9322
9323
9359
9613
9805
9806
9901
9902
