202
203
268
289
290
291
292
293
294
295
296
297
298
299
300
369
370
371
372
373
374
375
376
379
380
501
502
503
504
575
576
707
708
749
750
751
752
753
754
757
758
763
783
784
845
846
971
972
1166
1167
1168
1313
1314
1417
1418
1419
1420
1421
1422
1423
1424
1477
1478
1517
1518
1525
1526
1527
1528
1535
1536
1537
1538
1539
1540
1541
1542
1543
1544
1545
1546
1852
1853
1854
1855
1858
1859
1942
1943
2068
2069
2076
2077
2078
2079
2154
2155
2156
2157
2158
2159
2160
2161
2163
2164
2165
2598
2599
2600
2601
2602
2603
2604
2605
2612
2613
2616
2617
2618
2619
2692
2693
2814
2815
2838
2839
2864
2865
2914
2915
2916
2917
3082
3083
3086
3087
3107
3108
3109
3246
3247
3258
3259
3274
3275
3536
3537
3674
3772
3773
3774
3775
3778
3779
3780
3781
3782
3783
3784
3786
3787
3788
3789
3806
3807
3808
3809
3836
3837
3838
3839
3840
3841
3931
4042
4043
4045
4060
4061
4069
4070
4071
4072
4082
4083
4084
4085
4376
4377
4416
4417
4418
4419
4420
4421
4423
4446
4544
4545
4584
4585
4674
4675
4676
4677
4678
4679
4680
4681
4682
4683
4684
4685
4692
4694
4695
4696
4697
4766
4767
4768
4769
4786
4792
4793
4798
4799
4800
4801
4802
4803
4804
4805
4816
4818
4819
4922
4923
4924
4925
4934
4935
