6149
4
277
613
614
879
880
956
1057
1058
1059
1089
1090
1257
1260
1282
1679
2042
2043
2100
2101
2220
2221
2318
2319
2320
2321
2322
2323
2336
2337
2472
2724
2725
2728
2729
2831
3070
3071
3165
3166
3167
3168
3169
3318
3319
3382
3383
3492
3493
3494
3681
3682
3683
3684
3685
3824
3825
3862
3863
4204
4205
4338
4339
4522
4523
4772
4774
5176
5177
5178
5179
5180
5181
5404
5405
5725
5726
5917
5918
5993
5997
5998
6225
6226
6627
6629
6630
6675
6676
6758
6773
6774
6949
6950
6951
6952
6953
6954
6955
6956
6957
6958
7031
7032
7803
7804
7863
7864
7865
7866
7933
7975
7976
7977
7978
8223
8224
8225
8226
8563
8564
8653
8654
8655
8656
8657
8658
8665
8666
8816
8817
8818
8819
8820
8821
8954
8955
8993
9494
9495
9610
9611
9853
9854
