43
36
37
38
39
40
41
42
44
45
144
146
147
204
205
206
207
303
304
557
558
559
560
765
766
1195
1196
1197
1198
1359
1360
1669
1848
1849
1976
1977
1978
1979
1980
1981
1982
1983
1984
1985
1987
1988
1992
1993
2530
2531
2532
2533
2606
2607
2608
2609
2610
2611
2624
2625
2634
2635
2946
2947
2948
2949
2950
2951
2952
2953
2954
2955
2956
2957
2958
2959
2960
2961
3764
3802
3803
4340
4341
4342
4343
4344
4345
4346
4347
4354
4355
4356
4358
4359
4447
4462
4463
4464
4465
4542
4543
4687
4701
5304
5305
5502
5793
5794
6108
6115
6116
6117
6118
6345
6529
6530
6611
6612
6613
6614
6709
6831
6835
6836
7289
7290
7291
7292
7295
7296
7301
7302
7809
7831
7832
7835
7836
7837
7838
8079
8080
8193
8487
8488
8704
8705
8706
8707
8834
8835
8836
8837
8838
8839
8840
8841
9148
9149
9150
9151
9504
9505
