7498
4990
4991
4992
4993
4994
4995
4996
4997
4998
4999
5004
5005
5006
5007
5008
5009
5010
5011
5012
5013
5014
5015
5016
5017
5018
5019
5020
5021
5022
5023
5024
5025
5026
5027
5028
5029
5030
5031
5032
5033
5034
5035
5036
5037
5038
5039
5040
5041
5042
5043
5044
5045
5046
5047
5048
5049
5050
5051
5052
5053
5054
5055
5056
5057
5058
5059
5060
5061
5062
5063
5064
5065
5066
5067
5068
5072
5073
5074
5075
5076
5077
5098
5099
5100
5101
5102
5103
5104
5105
5126
5127
5128
5129
5130
5131
5132
5133
5134
5135
5136
5137
5138
5139
5140
5141
5152
5153
5154
5155
5156
5157
5158
5159
5164
5165
5166
5167
5168
5169
5172
5173
5174
5175
5184
5185
5186
5187
5188
5189
5190
5191
5194
5195
5198
5199
5200
5201
5202
5203
5204
5205
5206
5207
5216
5217
5218
5219
5220
5221
5222
5223
5226
5227
5228
5229
5230
5231
5232
5233
5234
5235
5236
5237
5238
5239
5241
5242
5243
5258
5259
5260
5261
5262
5263
5264
5265
5266
5267
5268
5269
5270
5271
5272
5273
5274
5275
5277
5278
5279
5280
5281
5282
5283
5284
5285
5286
5287
5288
5289
5290
5291
5296
5297
5298
5299
5300
5301
5302
5303
5309
5310
5311
5312
5313
5314
5315
5320
5321
5322
5323
5324
5325
5326
5327
5328
5329
5330
5331
5332
5333
5334
5335
5336
5337
5338
5339
5341
5342
5343
5344
5345
5346
5347
5348
5349
5350
5351
5353
5354
5355
5356
5357
5358
5359
5360
5361
5362
5363
5364
5365
5366
5370
5371
5372
5373
5374
5375
5378
5379
5382
5383
5384
5385
5386
5387
5388
5389
5390
5391
5392
5393
5394
5395
5396
5397
5408
5409
5410
5411
5412
5413
5414
5415
5416
5417
5418
5419
5420
5421
5422
5423
5424
5425
5426
5427
5428
5429
5430
5431
5432
5433
5434
5435
5436
5437
5438
5439
5440
5441
5442
5443
5444
5445
5446
5447
5476
5477
5478
5479
5480
5481
5482
5483
5484
5485
5486
5487
5488
5489
5490
5491
5496
5497
5498
5499
5500
5501
5507
5510
5511
5512
5513
5514
5515
5516
5517
5518
5519
5520
5521
5522
5523
5528
5530
5531
5532
5533
5534
5535
5536
5537
5538
5543
5547
5548
5551
5552
5557
5558
5559
5561
5562
5563
5564
5565
5566
5567
5568
5569
5570
5571
5572
5573
5574
5575
5576
5577
5578
5579
5580
5581
5582
5583
5584
5585
5586
5587
5588
5589
5590
5591
5592
5593
5594
5595
5596
5597
5598
5599
5600
5603
5613
5614
5615
5616
5618
5619
5620
5623
5624
5625
5626
5627
5628
5630
5631
5632
5633
5634
5638
5641
5642
5645
5646
5647
5648
5655
5656
5657
5658
5659
5660
5661
5662
5663
5664
5665
5666
5671
5672
5673
5674
5675
5676
5677
5678
5679
5680
5705
5706
5707
5708
5709
5710
5711
5712
5713
5714
5715
5716
5717
5718
5719
5720
5723
5724
5727
5728
5729
5730
5731
5737
5738
5739
5740
5741
5742
5745
5746
5747
5748
5749
5750
5751
5752
5753
5754
5757
5758
5759
5760
5761
5762
5763
5764
5779
5780
5787
5788
5789
5790
5791
5792
5795
5796
5797
5798
5799
5800
5801
5802
5803
5804
5805
5806
5807
5808
5809
5810
5819
5820
5821
5822
5825
5826
5827
5828
5829
5830
5831
5832
5833
5834
5835
5836
5837
5838
5839
5840
5841
5842
5843
5844
5845
5846
5847
5848
5849
5850
5852
5853
5854
5855
5856
5859
5860
5861
5862
5863
5864
5865
5866
5867
5868
5869
5870
5871
5872
5873
5874
5875
5876
5877
5878
5903
5904
5905
5906
5907
5908
5909
5910
5911
5912
5913
5914
5915
5916
5925
5926
5927
5928
5929
5930
5931
5932
5933
5934
5935
5936
5937
5938
5939
5940
5941
5942
5945
5946
5949
5950
5951
5952
5953
5954
5955
5956
5961
5962
5963
5964
5965
5966
5967
5968
5969
5970
5971
5972
5973
5974
5975
5976
5977
5978
5979
5980
5981
5982
5983
5984
5987
5988
5990
5991
5992
5994
6002
6003
6004
6005
6006
6019
6021
6023
6024
6027
6028
6029
6030
6031
6032
6039
6040
6041
6042
6043
6044
6045
6046
6047
6048
6049
6050
6051
6052
6053
6054
6055
6056
6057
6058
6059
6060
6061
6062
6063
6064
6065
6066
6067
6068
6069
6070
6071
6072
6073
6074
6075
6076
6079
6080
6081
6082
6083
6084
6087
6088
6089
6090
6091
6092
6093
6094
6095
6096
6111
6112
6113
6114
6119
6121
6122
6123
6124
6125
6126
6127
6128
6133
6134
6135
6136
6137
6138
6139
6140
6141
6142
6143
6144
6145
6146
6147
6148
6151
6152
6153
6154
6155
6156
6157
6158
6159
6160
6161
6162
6163
6164
6165
6166
6167
6168
6169
6170
6171
6172
6173
6174
6177
6178
6183
6184
6185
6186
6187
6188
6189
6190
6191
6192
6193
6194
6195
6196
6197
6198
6199
6200
6203
6204
6205
6206
6207
6208
6209
6210
6211
6212
6213
6214
6215
6216
6217
6218
6223
6224
6229
6230
6233
6234
6235
6236
6237
6238
6239
6240
6241
6242
6243
6244
6249
6250
6251
6252
6253
6254
6255
6256
6261
6262
6263
6264
6265
6266
6267
6268
6269
6270
6271
6272
6273
6274
6275
6276
6277
6278
6279
6280
6281
6282
6283
6284
6285
6286
6287
6288
6289
6290
6291
6292
6293
6294
6295
6296
6297
6298
6299
6300
6301
6302
6303
6304
6305
6306
6307
6308
6309
6310
6311
6312
6313
6314
6315
6316
6317
6318
6319
6320
6321
6322
6323
6324
6325
6326
6327
6328
6329
6330
6331
6332
6333
6334
6335
6336
6337
6338
6339
6340
6341
6342
6343
6344
6349
6350
6351
6352
6353
6354
6355
6356
6357
6358
6359
6360
6361
6362
6363
6364
6365
6366
6367
6368
6369
6370
6373
6374
6377
6378
6379
6380
6381
6382
6383
6384
6385
6386
6387
6388
6389
6390
6391
6392
6393
6394
6395
6396
6397
6398
6399
6400
6417
6418
6419
6420
6421
6422
6423
6424
6425
6426
6427
6428
6429
6430
6431
6432
6433
6434
6435
6436
6437
6438
6439
6440
6441
6442
6443
6444
6445
6446
6447
6448
6449
6450
6451
6452
6453
6454
6455
6456
6459
6460
6461
6462
6463
6464
6465
6466
6467
6468
6473
6474
6483
6484
6487
6488
6489
6490
6491
6492
6493
6494
6495
6496
6497
6498
6499
6500
6501
6502
6503
6504
6505
6506
6507
6508
6509
6510
6511
6512
6516
6517
6518
6519
6520
6521
6522
6523
6524
6535
6536
6543
6544
6545
6546
6547
6548
6549
6550
6551
6553
6554
6555
6556
6559
6560
6561
6562
6563
6564
6565
6566
6567
6569
6570
6571
6572
6573
6574
6575
6576
6577
6578
6579
6580
6581
6582
6587
6588
6589
6590
6591
6592
6599
6600
6601
6602
6603
6604
6605
6606
6607
6608
6609
6610
6617
6618
6619
6620
6621
6622
6623
6624
6625
6626
6637
6638
6639
6640
6641
6642
6643
6644
6645
6646
6647
6648
6649
6650
6651
6652
6653
6654
6655
6656
6657
6658
6659
6660
6661
6662
6663
6665
6666
6667
6668
6669
6670
6671
6672
6679
6680
6681
6682
6693
6694
6697
6698
6700
6701
6702
6703
6704
6705
6706
6707
6708
6711
6712
6713
6714
6717
6718
6719
6720
6721
6722
6723
6724
6725
6726
6727
6728
6729
6730
6731
6732
6733
6734
6735
6736
6737
6738
6739
6740
6741
6742
6743
6744
6745
6746
6747
6748
6749
6750
6751
6752
6753
6754
6759
6760
6761
6762
6763
6764
6765
6766
6767
6768
6769
6770
6781
6782
6783
6784
6785
6786
6787
6788
6791
6792
6793
6794
6795
6796
6797
6798
6799
6800
6801
6802
6803
6804
6805
6807
6808
6809
6810
6811
6812
6813
6814
6815
6816
6817
6818
6819
6820
6821
6822
6823
6824
6825
6826
6827
6828
6829
6830
6845
6846
6849
6850
6853
6854
6855
6856
6859
6860
6861
6862
6863
6864
6871
6872
6873
6874
6875
6876
6877
6878
6879
6880
6881
6882
6883
6884
6885
6886
6887
6888
6889
6890
6891
6892
6893
6894
6895
6896
6897
6898
6903
6904
6907
6908
6909
6910
6911
6912
6913
6914
6915
6916
6917
6918
6919
6920
6921
6922
6924
6933
6934
6935
6936
6937
6938
6939
6940
6943
6944
6945
6946
6947
6948
6973
6974
6975
6976
6977
6978
6979
6980
6981
6982
6989
6990
6991
6992
6993
6994
7003
7004
7005
7006
7007
7008
7009
7010
7011
7012
7013
7014
7015
7016
7017
7018
7019
7020
7021
7022
7023
7024
7025
7026
7028
7035
7036
7043
7044
7045
7046
7049
7050
7053
7054
7081
7082
7083
7084
7085
7086
7087
7088
7089
7090
7091
7092
7093
7094
7095
7099
7100
7101
7102
7103
7104
7105
7106
7107
7108
7109
7110
7111
7112
7113
7114
7115
7116
7117
7118
7119
7120
7121
7122
7123
7124
7125
7126
7127
7128
7129
7130
7131
7132
7139
7140
7141
7143
7144
7145
7146
7147
7148
7149
7150
7151
7152
7155
7156
7157
7158
7159
7160
7163
7164
7165
7166
7167
7168
7169
7170
7171
7172
7173
7174
7175
7176
7177
7178
7179
7180
7181
7182
7183
7184
7185
7186
7187
7188
7189
7190
7191
7192
7193
7194
7201
7202
7203
7204
7205
7206
7207
7208
7209
7210
7211
7212
7213
7214
7215
7216
7217
7218
7219
7220
7221
7222
7223
7224
7225
7226
7229
7230
7231
7232
7233
7234
7236
7237
7238
7239
7240
7241
7243
7244
7245
7246
7247
7248
7257
7258
7259
7260
7261
7262
7263
7264
7265
7266
7267
7268
7269
7270
7271
7272
7283
7285
7287
7288
7297
7298
7299
7300
7307
7308
7309
7310
7311
7312
7313
7314
7315
7316
7317
7318
7319
7320
7321
7327
7328
7329
7330
7331
7332
7333
7334
7335
7336
7337
7338
7339
7340
7341
7342
7343
7344
7347
7348
7349
7350
7351
7352
7353
7354
7355
7356
7427
7428
7429
7430
7431
7432
7433
7434
7435
7436
7437
7438
7439
7440
7441
7442
7443
7444
7445
7446
7455
7456
7457
7458
7459
7460
7461
7462
7463
7464
7465
7466
7467
7468
7469
7470
7471
7472
7473
7474
7475
7476
7477
7478
7479
7480
7481
7482
7483
7484
7485
7486
7487
7488
7489
7490
7493
7494
7495
7496
7497
7499
7500
7501
7502
7503
7504
7505
7506
7507
7508
7509
7510
7511
7512
7513
7514
7523
7524
7527
7528
7533
7535
7536
7537
7538
7539
7540
7541
7542
7543
7544
7547
7548
7549
7550
7551
7552
7553
7554
7555
7556
7557
7558
7559
7560
7561
7562
7563
7564
7565
7566
7567
7568
7569
7570
7571
7572
7573
7574
7575
7585
7586
7591
7592
7593
7594
7595
7596
7597
7598
7641
7642
7643
7644
7645
7646
7647
7648
7649
7650
7651
7652
7653
7654
7657
7658
7659
7660
7661
7662
7663
7664
7665
7666
7667
7668
7669
7670
7671
7672
7673
7674
7675
7676
7677
7678
7685
7686
7687
7688
7689
7690
7703
7704
7705
7706
7707
7708
7709
7710
7711
7712
7716
7723
7724
7725
7726
7730
7733
7734
7735
7736
7737
7738
7739
7740
7741
7742
7745
7746
7747
7748
7749
7750
7751
7752
7753
7754
7755
7756
7757
7758
7759
7760
7761
7762
7763
7764
7765
7766
7773
7774
7775
7776
7777
7778
7779
7780
7781
7782
7783
7784
7785
7786
7789
7790
7791
7792
7793
7794
7795
7796
7797
7798
7799
7800
7801
7802
7805
7806
7807
7808
7810
7811
7812
7813
7814
7815
7816
7823
7824
7825
7826
7827
7828
7829
7830
7833
7834
7839
7840
7841
7842
7843
7844
7845
7846
7847
7848
7849
7850
7851
7852
7853
7854
7855
7856
7857
7858
7859
7860
7861
7862
7867
7868
7869
7870
7871
7872
7879
7880
7881
7882
7883
7884
7885
7886
7887
7888
7889
7890
7891
7892
7893
7894
7899
7900
7901
7902
7903
7904
7905
7906
7907
7908
7909
7910
7911
7912
7913
7914
7915
7916
7917
7919
7920
7921
7922
7923
7924
7925
7926
7927
7928
7929
7930
7931
7932
7935
7936
7937
7938
7941
7942
7943
7944
7945
7946
7950
7951
7952
7953
7954
7955
7956
7961
7962
7963
7964
7965
7966
7967
7968
7969
7970
7971
7972
7973
7974
7979
7980
7981
7982
7983
7984
7985
7986
7987
7988
7989
7990
7991
7992
7993
7994
7995
7996
7997
7998
7999
8000
8001
8002
8003
8004
8005
8006
8007
8008
8011
8012
8013
8014
8015
8016
8017
8018
8019
8020
8021
8022
8023
8024
8025
8026
8027
8028
8029
8030
8031
8032
8033
8034
8035
8036
8037
8038
8039
8040
8041
8042
8043
8044
8045
8046
8047
8048
8049
8050
8061
8062
8063
8064
8065
8066
8067
8068
8069
8070
8071
8072
8073
8074
8075
8076
8077
8078
8081
8082
8085
8086
8087
8088
8089
8090
8091
8092
8093
8094
8095
8096
8101
8102
8103
8104
8105
8106
8107
8108
8109
8110
8111
8112
8113
8114
8115
8116
8117
8118
8119
8120
8121
8122
8131
8132
8133
8134
8135
8136
8137
8138
8139
8140
8141
8142
8143
8144
8145
8146
8147
8148
8149
8150
8153
8154
8155
8156
8157
8158
8171
8172
8173
8174
8175
8176
8177
8178
8179
8180
8181
8182
8183
8184
8185
8186
8187
8188
8189
8190
8191
8192
8195
8196
8197
8198
8199
8200
8201
8202
8203
8204
8221
8222
8231
8232
8235
8236
8237
8238
8239
8240
8241
8242
8243
8244
8245
8246
8247
8248
8249
8250
8251
8252
8253
8254
8255
8256
8257
8258
8259
8260
8261
8262
8263
8264
8265
8266
8267
8268
8269
8270
8271
8272
8273
8274
8275
8276
8279
8280
8281
8282
8295
8296
8297
8298
8301
8302
8303
8304
8305
8306
8307
8308
8309
8313
8314
8315
8316
8317
8318
8319
8320
8321
8322
8323
8324
8325
8326
8327
8328
8329
8330
8331
8332
8333
8334
8335
8336
8337
8338
8339
8340
8341
8342
8343
8344
8351
8352
8353
8354
8355
8356
8357
8358
8359
8360
8361
8362
8363
8364
8365
8366
8371
8372
8375
8376
8377
8378
8379
8380
8381
8382
8383
8384
8391
8392
8393
8394
8395
8396
8397
8398
8399
8400
8401
8402
8403
8404
8405
8406
8415
8416
8417
8418
8421
8423
8424
8425
8426
8427
8428
8429
8430
8431
8432
8434
8435
8436
8437
8438
8440
8441
8442
8443
8444
8445
8446
8447
8448
8451
8452
8453
8454
8455
8456
8457
8458
8459
8460
8461
8462
8463
8464
8483
8484
8489
8490
8491
8492
8493
8494
8495
8496
8497
8498
8499
8500
8503
8504
8505
8506
8507
8508
8509
8510
8511
8512
8513
8514
8515
8516
8517
8518
8519
8520
8521
8522
8523
8524
8525
8526
8527
8528
8529
8530
8531
8532
8533
8534
8539
8540
8541
8542
8543
8544
8545
8546
8549
8550
8551
8552
8553
8554
8555
8556
8559
8560
8561
8562
8567
8568
8569
8570
8571
8572
8573
8574
8575
8576
8577
8578
8579
8580
8581
8582
8583
8584
8585
8586
8587
8588
8589
8590
8591
8592
8593
8594
8595
8596
8597
8598
8599
8600
8601
8602
8603
8604
8605
8606
8607
8608
8609
8610
8614
8615
8616
8617
8618
8619
8620
8621
8622
8623
8624
8625
8626
8627
8628
8629
8630
8631
8632
8633
8634
8635
8636
8637
8638
8639
8640
8641
8642
8645
8646
8647
8648
8649
8650
8667
8668
8669
8670
8671
8672
8673
8674
8675
8676
8677
8678
8679
8680
8681
8682
8683
8686
8687
8688
8689
8690
8691
8692
8693
8694
8695
8696
8697
8698
8699
8700
8701
8702
8703
8708
8709
8710
8711
8716
8717
8718
8719
8720
8721
8741
8742
8744
8745
8746
8747
8748
8749
8750
8751
8752
8753
8754
8755
8756
8757
8770
8771
8772
8773
8778
8779
8782
8783
8784
8785
8786
8787
8788
8789
8790
8791
8794
8795
8796
8797
8798
8799
8800
8801
8802
8803
8804
8805
8806
8807
8810
8811
8812
8813
8814
8815
8824
8825
8826
8827
8828
8829
8830
8832
8833
8846
8852
8853
8854
8855
8856
8857
8859
8860
8861
8862
8863
8864
8865
8866
8868
8869
8870
8871
8872
8873
8874
8875
8876
8877
8878
8879
8880
8881
8882
8883
8884
8885
8886
8887
8888
8889
8890
8891
8892
8893
8894
8895
8896
8897
8898
8899
8900
8901
8902
8903
8904
8905
8906
8907
8908
8910
8911
8912
8913
8914
8915
8916
8917
8918
8919
8920
8921
8922
8923
8924
8925
8926
8927
8934
8935
8940
8941
8944
8945
8946
8947
8948
8949
8950
8951
8952
8953
8958
8959
8960
8961
8962
8963
8964
8965
8966
8967
8968
8969
8970
8971
8972
8973
8978
8979
8980
8981
8996
8997
8998
8999
9000
9001
9002
9003
9004
9005
9006
9007
9008
9009
9010
9011
9012
9013
9014
9015
9016
9017
9018
9019
9020
9021
9024
9025
9028
9029
9030
9031
9034
9035
9036
9037
9038
9039
9040
9041
9042
9043
9044
9045
9046
9047
9050
9051
9052
9053
9054
9055
9057
9058
9059
9060
9061
9062
9063
9070
9071
9072
9073
9084
9085
9086
9087
9088
9089
9090
9091
9092
9093
9094
9095
9096
9097
9098
9099
9100
9101
9102
9103
9104
9105
9106
9107
9108
9109
9112
9113
9114
9115
9116
9117
9118
9119
9122
9123
9124
9125
9126
9127
9128
9129
9130
9131
9132
9133
9134
9135
9136
9137
9138
9139
9140
9141
9152
9153
9154
9155
9156
9157
9158
9159
9160
9161
9172
9173
9174
9175
9176
9177
9178
9179
9180
9181
9182
9183
9184
9185
9186
9187
9188
9189
9190
9191
9192
9193
9194
9195
9196
9197
9198
9199
9200
9201
9202
9203
9204
9205
9206
9207
9208
9209
9210
9211
9212
9213
9217
9218
9219
9222
9223
9224
9225
9226
9227
9228
9229
9234
9235
9236
9237
9238
9239
9240
9241
9242
9243
9245
9246
9247
9250
9251
9252
9253
9254
9255
9256
9257
9258
9259
9260
9261
9262
9263
9264
9265
9266
9267
9268
9269
9270
9271
9272
9273
9274
9275
9288
9289
9290
9291
9292
9293
9294
9295
9301
9302
9303
9304
9305
9306
9307
9308
9309
9310
9311
9312
9313
9314
9315
9316
9317
9318
9319
9320
9321
9324
9325
9326
9327
9328
9329
9330
9331
9332
9333
9334
9335
9344
9345
9346
9347
9348
9349
9350
9351
9354
9355
9356
9360
9361
9362
9363
9364
9365
9366
9367
9368
9369
9370
9371
9372
9373
9374
9375
9376
9377
9378
9379
9380
9381
9382
9383
9384
9385
9386
9387
9388
9389
9390
9391
9392
9393
9394
9395
9396
9397
9398
9399
9400
9401
9402
9403
9408
9409
9410
9411
9412
9413
9414
9415
9416
9417
9418
9419
9420
9421
9422
9423
9424
9425
9426
9427
9428
9429
9430
9431
9432
9433
9434
9435
9436
9437
9438
9439
9440
9441
9442
9443
9444
9445
9446
9447
9448
9449
9450
9451
9452
9453
9454
9461
9462
9463
9464
9465
9466
9467
9468
9469
9470
9471
9472
9473
9474
9475
9476
9477
9480
9481
9482
9483
9484
9485
9486
9487
9488
9489
9490
9491
9492
9493
9496
9497
9498
9499
9500
9501
9506
9507
9508
9509
9510
9511
9512
9513
9514
9515
9516
9517
9520
9524
9525
9526
9527
9528
9529
9530
9531
9532
9533
9536
9537
9538
9539
9540
9541
9542
9543
9544
9545
9546
9547
9548
9549
9550
9551
9552
9553
9554
9555
9556
9557
9558
9559
9560
9561
9564
9565
9566
9567
9568
9569
9572
9573
9574
9575
9576
9577
9578
9579
9580
9581
9582
9583
9584
9585
9590
9591
9594
9595
9599
9606
9607
9608
9609
9614
9615
9616
9617
9618
9619
9620
9621
9632
9633
9634
9635
9636
9637
9638
9639
9640
9641
9642
9643
9644
9645
9646
9647
9648
9649
9650
9651
9652
9653
9654
9655
9656
9657
9658
9659
9717
9718
9719
9720
9721
9722
9723
9724
9729
9730
9733
9734
9735
9736
9737
9738
9739
9740
9741
9742
9743
9744
9745
9746
9747
9748
9749
9750
9751
9752
9773
9774
9777
9778
9779
9780
9781
9782
9783
9784
9785
9786
9793
9794
9795
9796
9797
9798
9799
9800
9801
9802
9803
9804
9807
9808
9809
9810
9823
9824
9825
9826
9827
9828
9829
9830
9831
9832
9833
9834
9835
9836
9837
9838
9839
9840
9841
9842
9843
9844
9845
9846
9847
9848
9849
9850
9851
9852
9855
9856
9857
9858
9859
9860
9861
9862
9863
9864
9865
9866
9867
9868
9869
9870
9871
9872
9873
9874
9875
9876
9877
9878
9879
9880
9881
9882
9883
9884
9885
9886
9887
9888
9889
9890
9891
9892
9893
9894
9895
9896
9903
9904
9907
9908
9909
9910
9911
9912
9913
9914
9915
9916
9917
9918
9919
9920
9921
9922
9923
9924
9925
9926
9927
9928
9929
9930
9931
9932
9933
9934
9935
9936
9937
9938
9939
9940
9941
9942
9943
9944
9945
9946
9947
9948
9949
9950
9951
9952
9953
9954
9955
9956
9957
9958
9959
9960
9961
9962
9963
9964
9965
9966
9967
9968
9969
9970
9971
9972
9973
9974
