3294
322
481
485
486
487
488
623
624
631
632
729
730
731
732
856
907
908
915
916
917
918
919
920
923
924
925
926
927
928
929
930
1041
1060
1097
1098
1239
1241
1242
1243
1244
1245
1246
1247
1248
1253
1254
1258
1287
1288
1367
1368
1381
1383
1384
1385
1386
1387
1388
1547
1548
1549
1550
1551
1552
1635
1637
1638
1640
1641
1642
1680
1683
1684
1685
1686
1872
1873
1956
1957
2054
2083
2084
2085
2087
2088
2089
2240
2241
2298
2299
2300
2301
2302
2303
2332
2333
2338
2339
2420
2421
2422
2423
2424
2425
2623
2702
2703
2705
2710
2711
2712
2713
2714
2715
2716
2717
2731
2772
2773
2774
2775
2777
2816
2817
2818
2819
2976
2977
2978
2979
2980
2981
2982
2983
3066
3067
3068
3069
3072
3073
3076
3077
3078
3079
3296
3297
3384
3385
3396
3397
3464
3486
3487
3490
3491
3495
3496
3497
3500
3501
3602
3603
3626
3627
3632
3633
3722
3723
3729
3864
3865
3868
3869
3870
3876
3877
3966
3967
3986
3987
3988
3989
3995
4000
4001
4002
4003
4134
4135
4574
4575
4576
4577
4773
4776
4777
4842
4843
4942
5000
5001
5002
5003
5078
5079
5080
5142
5143
5402
5403
5527
5529
5539
5540
5541
5542
5544
5545
5546
5549
5550
5553
5554
5555
5556
5560
5617
5621
5622
5721
5722
5732
5733
5734
5735
5736
5743
5744
5851
5889
5890
5892
5893
5894
5895
5896
5921
5922
6011
6012
6013
6014
6015
6016
6017
6018
6025
6026
6033
6034
6036
6150
6220
6221
6227
6228
6231
6232
6402
6475
6476
6541
6542
6552
6664
6677
6678
6699
6777
6778
6843
6844
6847
6848
6851
6852
6929
6963
6964
6965
6966
6967
6968
6969
6971
6972
6983
6984
6995
6996
6997
6998
6999
7000
7001
7027
7029
7030
7071
7072
7073
7074
7075
7076
7077
7078
7079
7080
7249
7250
7251
7252
7253
7254
7255
7256
7423
7424
7425
7426
7491
7492
7576
7729
7731
7732
7743
7744
7787
7788
7877
7878
8385
8386
8419
8420
8422
8449
8450
8535
8536
8537
8538
8565
8566
8612
8613
8643
8644
8712
8713
8714
8715
8776
8777
8822
8823
8992
8994
8995
9120
9121
9166
9167
9168
9169
9170
9171
9338
9339
9340
9341
9455
9456
9457
9458
9459
9460
9753
9754
9775
9776
9811
9812
9813
9814
9821
9822
