7680
54
55
78
79
96
170
171
349
350
351
352
354
476
955
1015
1016
1021
1199
1200
1201
1202
1203
1204
1205
1206
1207
1208
1209
1210
1375
1376
1425
1426
1456
1457
1458
1461
1462
1463
1464
1465
1466
1467
1468
1469
1471
1472
1473
1474
1655
1656
1846
1847
1851
2055
2218
2219
2385
2630
2631
2632
2633
2786
2787
2788
2789
2790
2791
2792
2793
2794
2795
2796
2797
3137
3156
3157
3248
3418
3419
3675
3894
3895
3903
3942
3943
3990
3991
3992
3993
4050
4051
4052
4053
4054
4055
4056
4057
4090
4091
4243
4244
4245
4246
4422
4481
4502
4503
4702
4703
4704
4705
4806
4807
4808
4809
4810
4811
4812
4813
4814
4815
4817
4820
4821
4822
4823
4824
4838
4839
4920
4921
5106
5107
5108
5109
5124
5125
5144
5145
5292
5293
5294
5295
5308
5352
5380
5381
5450
5451
5452
5453
5454
5455
5767
5768
5813
5814
5815
5816
5817
5818
5823
5824
6513
6514
6557
6558
6595
6596
6715
6716
6806
6865
6866
7039
7040
7041
7042
7096
7097
7098
7161
7162
7357
7358
7633
7634
7635
7636
7637
7638
7639
7640
7679
7681
7682
7683
7684
7701
7702
7713
7714
7715
7727
7728
7817
7818
7819
7820
7821
7822
8009
8010
8057
8058
8097
8098
8099
8100
8127
8128
8129
8130
8169
8170
8299
8300
8311
8312
8780
8974
8975
8976
8977
9076
9077
9144
9244
9248
9249
9296
9297
9298
9299
9300
9322
9323
9359
9613
9805
9806
9901
9902
