3294
322
481
485
486
487
488
623
624
631
632
729
730
731
732
856
907
908
915
916
917
918
919
920
923
924
925
926
927
928
929
930
1041
1060
1097
1098
1239
1241
1242
1243
1244
1245
1246
1247
1248
1253
1254
1258
1287
1288
1367
1368
1381
1383
1384
1385
1386
1387
1388
1547
1548
1549
1550
1551
1552
1635
1637
1638
1640
1641
1642
1680
1683
1684
1685
1686
1872
1873
1956
1957
2054
2083
2084
2085
2087
2088
2089
2240
2241
2298
2299
2300
2301
2302
2303
2332
2333
2338
2339
2420
2421
2422
2423
2424
2425
2623
2702
2703
2705
2710
2711
2712
2713
2714
2715
2716
2717
2731
2772
2773
2774
2775
2777
2816
2817
2818
2819
2976
2977
2978
2979
2980
2981
2982
2983
3066
3067
3068
3069
3072
3073
3076
3077
3078
3079
3296
3297
3384
3385
3396
3397
3464
3486
3487
3490
3491
3495
3496
3497
3500
3501
3602
3603
3626
3627
3632
3633
3722
3723
3729
3864
3865
3868
3869
3870
3876
3877
3966
3967
3986
3987
3988
3989
3995
4000
4001
4002
4003
4134
4135
4574
4575
4576
4577
4773
4776
4777
4842
4843
4942
