7587
5082
5083
5084
5085
5086
5087
5088
5089
5090
5091
5092
5093
5094
5095
5096
5097
5148
5149
5150
5151
5160
5161
5162
5163
5182
5183
5192
5193
5196
5197
5224
5225
5256
5257
5306
5307
5449
5492
5493
5494
5495
5503
5635
5636
5637
5639
5640
5643
5644
5667
5668
5669
5670
5755
5756
5781
5782
5783
5784
5785
5786
5923
5924
5943
5944
5947
5948
5957
5958
5999
6000
6001
6086
6109
6110
6407
6408
6485
6486
6531
6532
6533
6534
6597
6598
6839
6840
6841
6842
6857
6858
6867
6868
6869
6870
7138
7235
7305
7306
7322
7323
7324
7325
7326
7534
7577
7588
7589
7590
7631
7632
7895
7896
7897
7898
7939
7940
7947
7948
7949
7957
7958
7959
7960
8083
8084
8123
8124
8125
8126
8151
8152
8211
8212
8213
8214
8215
8216
8217
8218
8219
8220
8283
8284
8285
8286
8287
8288
8409
8410
8439
8501
8502
8684
8685
8722
8723
8724
8725
8727
8728
8729
8730
8731
8736
8737
8738
8739
8740
8743
8774
8775
8808
8809
8858
8930
8931
8932
8933
8956
8957
8982
8983
8990
8991
9026
9027
9032
9068
9069
9145
9146
9147
9162
9163
9164
9165
9230
9231
9232
9233
9342
9343
9357
9404
9405
9406
9407
9478
9479
9518
9519
9534
9535
9562
9563
9570
9571
9600
9601
9602
9603
9622
9623
9630
9631
9755
9756
9757
9758
9759
9760
9761
9762
9763
9764
