4.651119589805603 0.0 1.0 0.0
7.651119589805603 0.0 1.0 0.0
10.651119589805603 0.0 1.0 0.0
13.651119589805603 0.0 1.0 0.0
16.651119589805603 0.0003242886583601684 0.0614580873382778 5.8847117794486214
19.651119589805603 1.7332085803856784e-21 0.14033348223600686 52.230576441102755
22.651119589805603 2.4173801370270512e-09 0.09976085949178572 79.41854636591479
25.651119589805603 0.00023901461393775365 0.06952204892794085 89.6842105263158
28.651119589805603 0.002931296640895688 0.051712209082648716 92.4812030075188
31.651119589805603 0.004681174597604843 0.04527484147800041 94.24561403508773
34.6511195898056 2.152208004834254e-15 0.08459756936471143 96.37092731829574
37.6511195898056 6.71987749957672e-11 0.07104857506430556 97.40350877192982
40.6511195898056 1.8597351978283952e-11 0.06725043034034599 98.39598997493734
43.6511195898056 1.0 0.0 99.38847117794487
46.6511195898056 1.0 0.0 99.90977443609023
49.6511195898056 1.0 0.0 100.0
52.6511195898056 1.0 0.0 100.0
55.6511195898056 1.0 0.0 100.0
58.6511195898056 1.0 0.0 100.0
61.6511195898056 1.0 0.0 100.0
64.6511195898056 1.0 0.0 100.0
67.6511195898056 1.0 0.0 100.0
