2202.97 6
2208.4057 71
2213.8414 252
2219.2771 712
2224.7128 1049
2230.1485 1050
2235.5842 802
2241.0199 457
2246.4556 239
2251.8913 110
2257.3269999999998 52
2262.7626999999998 45
2268.1983999999998 33
2273.6340999999998 12
2279.0697999999998 14
2284.5054999999998 4
2289.9411999999998 8
2295.3768999999998 9
2300.8125999999997 10
2306.2482999999997 9
2311.6839999999997 2
2317.1196999999997 7
2322.5553999999997 1
2327.9910999999997 3
2333.4267999999997 2
2338.8624999999997 0
2344.2981999999997 2
2349.7338999999997 2
2355.1695999999997 2
2360.6052999999997 0
2366.0409999999997 1
2371.4766999999997 1
2376.9123999999997 3
2382.3480999999997 1
2387.7837999999997 0
2393.2194999999997 3
2398.6551999999997 3
2404.0908999999997 0
2409.5265999999997 0
2414.9622999999997 0
2420.3979999999997 0
2425.8336999999997 0
2431.2693999999997 0
2436.7050999999997 2
2442.1407999999997 0
2447.5764999999997 1
2453.0121999999997 0
2458.4478999999997 0
2463.8836 0
2469.3193 0
2474.755 0
2480.1907 0
2485.6264 0
2491.0621 0
2496.4978 0
2501.9335 0
2507.3692 0
2512.8049 0
2518.2406 1
2523.6763 0
2529.112 1
2534.5477 0
2539.9834 1
2545.4191 0
2550.8548 0
2556.2905 0
2561.7262 1
2567.1619 0
2572.5976 0
2578.0333 1
2583.469 0
2588.9047 0
2594.3404 2
2599.7761 0
2605.2118 0
2610.6475 0
2616.0832 0
2621.5189 0
2626.9546 0
2632.3903 0
2637.826 0
2643.2617 0
2648.6974 0
2654.1331 0
2659.5688 0
2665.0045 0
2670.4402 1
2675.8759 0
2681.3116 0
2686.7473 0
2692.183 0
2697.6187 0
2703.0544 0
2708.4901 0
2713.9258 0
2719.3615 0
2724.7972 0
2730.2329 0
2735.6686 0
2741.1043 1
