2205.44 14
2209.8967000000002 63
2214.3534 206
2218.8101 473
2223.2668 719
2227.7235 879
2232.1802000000002 896
2236.6369 669
2241.0936 422
2245.5503 241
2250.007 125
2254.4637000000002 80
2258.9204 36
2263.3771 26
2267.8338 19
2272.2905 15
2276.7472000000002 10
2281.2039 3
2285.6606 7
2290.1173 5
2294.574 4
2299.0307000000003 5
2303.4874 6
2307.9441 3
2312.4008 5
2316.8575 2
2321.3142000000003 4
2325.7709 5
2330.2276 1
2334.6843 1
2339.141 5
2343.5977000000003 1
2348.0544 0
2352.5111 1
2356.9678 5
2361.4245 1
2365.8812000000003 3
2370.3379 3
2374.7946 2
2379.2513 0
2383.708 2
2388.1647000000003 1
2392.6214 3
2397.0781 0
2401.5348 2
2405.9915 2
2410.4482000000003 1
2414.9049 0
2419.3616 1
2423.8183 2
2428.275 1
2432.7317000000003 1
2437.1884 0
2441.6451 0
2446.1018 0
2450.5585 0
2455.0152000000003 0
2459.4719 0
2463.9286 0
2468.3853 0
2472.842 0
2477.2987000000003 0
2481.7554 0
2486.2121 1
2490.6688 0
2495.1255 0
2499.5822000000003 0
2504.0389 0
2508.4956 0
2512.9523 1
2517.409 0
2521.8657000000003 0
2526.3224 0
2530.7791 0
2535.2358 0
2539.6925 0
2544.1492000000003 0
2548.6059 0
2553.0626 0
2557.5193 0
2561.976 0
2566.4327000000003 0
2570.8894 0
2575.3461 0
2579.8028 0
2584.2595 1
2588.7162000000003 0
2593.1729 0
2597.6296 0
2602.0863 0
2606.543 0
2610.9997000000003 0
2615.4564 0
2619.9131 0
2624.3698 0
2628.8265 1
2633.2832 0
2637.7399 0
2642.1966 0
2646.6533 1
